Frame No., Bubble 1, Bubble 2, Bubble 3, Bubble 4, Bubble 5, Bubble 6, Bubble 7, Bubble 8, Bubble 9, Bubble 10
1, (661, 294.5), (275, 578.0), (440, 292.0), (686, 493.5), (590, 92.0), (1098, 136.0), (184, 132.5), (843, 296.0), (1112, 443.0), (1029, 649.0),
2, (661, 294.5), (275, 578.0), (440, 292.0), (686, 493.5), (590, 92.0), (1098, 136.0), (184, 132.5), (843, 296.0), (1112, 443.5), (1029, 649.0), 
3, (661, 294.5), (275, 578.0), (440, 292.0), (590, 92.0), (686, 493.5), (1098, 136.0), (184, 132.5), (843, 296.0), (1112, 443.5), (1029, 649.0), 
4, (661, 294.5), (277, 578.0), (440, 292.0), (590, 92.0), (685, 493.5), (1098, 136.0), (844, 296.0), (184, 132.5), (1112, 444.0), (1029, 648.5), 
5, (663, 294.0), (282, 578.5), (441, 291.5), (589, 92.0), (1098, 136.0), (844, 296.5), (185, 132.5), (686, 494.5), (1111, 444.0), (1029, 648.5), 
6, (665, 294.0), (286, 579.0), (442, 291.5), (588, 92.0), (1098, 137.0), (186, 132.5), (844, 297.0), (687, 495.5), (1111, 444.5), (1029, 648.0), 
7, (666, 293.0), (288, 579.5), (443, 291.0), (1098, 137.0), (587, 92.0), (845, 299.0), (186, 132.5), (1110, 445.5), (687, 496.0), (1028, 646.5), 
8, (667, 290.5), (291, 579.0), (849, 301.0), (1099, 138.0), (443, 290.5), (586, 91.0), (187, 132.5), (1108, 447.0), (688, 500.5), (1028, 645.5), 
9, (669, 288.0), (298, 584.5), (852, 304.0), (1104, 449.0), (584, 89.5), (445, 290.0), (1099, 139.0), (189, 132.0), (1027, 644.5), (691, 502.5), 
10, (305, 585.0), (673, 285.5), (855, 305.5), (1101, 451.0), (583, 90.0), (449, 289.0), (191, 131.5), (695, 505.0), (1099, 140.5), (1025, 637.0), 
11, (676, 283.0), (316, 585.0), (858, 308.0), (699, 506.5), (580, 88.5), (195, 132.0), (1099, 143.0), (454, 288.0), (1099, 454.0), (1025, 635.0), 
12, (680, 280.0), (326, 586.5), (576, 88.5), (861, 313.5), (197, 131.5), (1023, 632.0), (702, 509.0), (1100, 145.0), (1095, 458.0), (457, 285.5), 
13, (686, 277.0), (340, 583.5), (1021, 625.0), (1090, 465.0), (200, 131.0), (571, 87.5), (1103, 148.5), (868, 320.0), (462, 283.0), (706, 516.0), 
14, (691, 273.5), (359, 589.5), (1018, 618.5), (714, 521.5), (874, 323.5), (207, 131.0), (1106, 152.5), (567, 86.0), (469, 278.5), (1083, 468.5), 
15, (371, 592.5), (697, 269.0), (475, 275.0), (213, 130.5), (563, 85.5), (881, 333.5), (1109, 158.0), (720, 525.5), (1080, 477.0), (1014, 613.5), 
16, (705, 264.0), (380, 606.0), (890, 339.5), (1109, 161.5), (1076, 483.5), (485, 272.5), (554, 85.5), (218, 130.0), (729, 536.0), (1010, 603.0), 
17, (713, 255.5), (385, 616.5), (225, 129.5), (1109, 167.0), (549, 84.0), (1069, 494.5), (900, 351.5), (491, 268.0), (737, 540.5), (1006, 594.0), 
18, (397, 626.0), (723, 247.0), (747, 553.0), (503, 261.5), (1070, 504.5), (232, 128.5), (1110, 174.5), (908, 360.0), (538, 81.0), (1002, 584.5), 
19, (407, 635.0), (733, 239.5), (760, 558.0), (923, 371.0), (532, 80.5), (516, 257.5), (244, 128.5), (1073, 517.5), (1112, 178.5), (999, 571.0), 
20, (749, 232.5), (935, 386.0), (430, 639.5), (1082, 529.5), (521, 79.0), (252, 127.0), (528, 252.0), (1116, 186.5), (777, 551.5), (994, 555.0), 
21, (758, 220.5), (467, 640.0), (938, 402.0), (540, 244.0), (791, 538.0), (507, 74.0), (263, 127.5), (1119, 195.0), (1093, 544.5), (995, 540.0), 
22, (774, 210.5), (497, 651.0), (935, 419.5), (497, 73.5), (1001, 524.5), (277, 128.0), (1102, 560.0), (1122, 203.5), (806, 523.0), (557, 238.0), 
23, (533, 650.5), (788, 197.5), (482, 70.5), (1000, 507.5), (924, 440.0), (289, 129.5), (826, 507.0), (572, 228.0), (1125, 212.5), (1115, 575.5), 
24, (809, 182.0), (580, 640.5), (468, 71.0), (908, 463.0), (304, 131.0), (1129, 593.0), (1129, 224.0), (593, 220.0), (976, 492.5), 
25, (826, 169.0), (611, 628.0), (462, 76.5), (614, 209.5), (1132, 234.0), (317, 133.5), (1144, 613.0), (905, 480.0), 
26, (848, 152.0), (639, 610.5), (459, 86.0), (1139, 247.0), (334, 134.5), (638, 207.5), (870, 488.5), (1162, 623.5), 
27, (869, 139.0), (907, 433.0), (673, 579.5), (1143, 262.0), (668, 204.0), (1191, 623.0), (843, 513.5), (352, 135.5), (457, 99.0), 
28, (894, 129.5), (732, 549.5), (409, 123.0), (1191, 625.0), (699, 195.5), (1146, 274.5), (831, 465.0), (932, 447.5), (844, 554.5), 
29, (925, 146.0), (797, 557.0), (417, 123.0), (937, 477.0), (1153, 290.5), (1195, 596.0), (731, 188.5), 
30, (873, 572.0), (953, 165.0), (421, 123.0), (1159, 306.0), (757, 201.5), (1203, 566.0), 
31, (938, 570.5), (986, 182.0), (1209, 534.0), (430, 131.0), (1164, 324.5), (761, 223.5), (788, 549.0), 
32, (1020, 207.5), (1171, 342.0), (1213, 499.5), (434, 142.5), (754, 245.0), (1009, 544.0), (785, 584.0), 
33, (1058, 224.5), (1083, 485.5), (440, 153.0), (740, 271.0), (967, 609.5), (1178, 362.5), (1226, 465.0), (771, 618.0), 
34, (1141, 343.5), (714, 636.5), (715, 291.0), (1016, 585.5), (444, 161.5), (1107, 243.0), (400, 193.5), (1158, 439.0), (415, 169.0), 
35, (1135, 326.0), (1037, 529.0), (510, 152.0), (385, 206.5), (696, 317.5), (672, 615.0), (1240, 389.0), 
36, (668, 571.0), (1110, 301.5), (373, 225.5), (537, 157.0), (692, 346.5), (1094, 534.0), (1044, 330.5), 
37, (666, 524.5), (551, 173.0), (730, 359.0), (353, 240.5), (1092, 296.5), (1129, 558.5), (1176, 316.5), 
38, (959, 199.0), (784, 353.0), (1118, 611.5), (1235, 258.0), (566, 192.5), (339, 260.5), (1093, 333.0), (1152, 489.0), (673, 478.0), 
39, (899, 136.5), (1055, 327.5), (1208, 215.5), (697, 433.0), (777, 385.0), (318, 279.0), (1167, 441.0), (579, 208.5), (1064, 659.0), 
40, (796, 97.0), (995, 332.0), (596, 228.5), (1126, 225.0), (300, 298.0), (770, 416.5), (970, 670.5), (1185, 392.5), 
41, (658, 101.0), (872, 672.5), (975, 338.5), (282, 320.5), (1230, 345.5), (608, 250.5), (835, 420.0), (1010, 244.0), (977, 383.5), 
42, (978, 245.5), (976, 429.5), (581, 198.0), (267, 341.5), (764, 669.5), 
43, (958, 273.0), (1035, 468.5), (663, 643.0), (621, 245.5), (286, 364.5), (1248, 245.0), (872, 207.5), (950, 390.0), 
44, (1060, 511.5), (1209, 190.5), (307, 388.0), (942, 303.5), (580, 609.5), (956, 323.0), (507, 293.5), (554, 294.0), (844, 154.5), (650, 310.0), 
45, (350, 341.0), (1005, 552.0), (1029, 322.0), (600, 321.5), (917, 336.0), (507, 557.5), (1135, 491.0), (843, 104.5), (1209, 134.0), 
46, (920, 572.0), (899, 367.5), (208, 268.0), (842, 47.0), (559, 329.5), (343, 438.5), (475, 489.5), (1022, 281.0), (1192, 72.5), (1123, 554.0), 
47, (835, 595.0), (176, 167.0), (889, 399.5), (1096, 48.0), (373, 460.0), (517, 341.0), (1004, 240.5), (790, 90.0), (1108, 618.0), 
48, (748, 617.0), (938, 422.0), (1050, 228.5), (165, 88.5), (488, 363.5), (386, 490.5), (276, 426.0), (747, 151.5), (1109, 681.0), (978, 55.0), 
49, (653, 625.0), (102, 120.5), (983, 449.0), (1113, 260.0), (890, 91.5), (733, 217.5), (183, 425.0), (460, 386.5), (1191, 633.0), (414, 486.0), 
50, (604, 590.0), (440, 437.5), (1026, 479.0), (1164, 289.5), (113, 254.0), (838, 155.0), (836, 256.5), (1188, 564.0), 
51, (138, 340.5), (580, 529.0), (923, 306.0), (455, 438.0), (1069, 509.5), (1085, 312.0), (831, 92.5), (1163, 491.5), 
52, (269, 357.0), (86, 309.5), (1112, 543.5), (523, 462.0), (983, 356.5), (1124, 421.5), (742, 119.5), (1008, 338.5), 
53, (1083, 348.0), (937, 369.0), (1152, 576.0), (427, 276.0), (729, 191.0), (518, 432.0), (996, 448.5), (89, 227.0), 
54, (488, 375.5), (860, 401.5), (1182, 613.0), (608, 213.0), (816, 250.5), (985, 524.0), (495, 524.5), (100, 141.5), (1028, 280.0), 
55, (796, 156.0), (447, 326.5), (538, 541.5), (915, 591.0), (1142, 614.0), (125, 53.5), (764, 407.0), (936, 288.5), (929, 220.0), 
56, (1010, 132.0), (795, 201.5), (599, 549.0), (1071, 596.0), (794, 629.5), (1034, 346.5), (403, 271.5), (668, 414.5), (210, 64.5), (353, 272.0), (496, 294.5), 
57, (274, 230.5), (1089, 234.5), (658, 582.0), (1006, 571.5), (498, 268.0), (570, 422.0), (649, 203.5), (346, 96.5), (1059, 426.0), 
58, (975, 344.0), (243, 297.0), (547, 255.0), (954, 536.0), (501, 429.5), (715, 566.5), (588, 550.5), (509, 93.0), (1038, 507.0), 
59, (219, 365.5), (636, 41.0), (367, 250.0), (551, 469.5), (618, 238.5), (800, 442.5), (402, 445.0), (923, 506.0), (779, 574.0), 
60, (190, 435.0), (689, 298.5), (762, 72.0), (873, 475.5), (332, 406.0), (552, 389.5), (825, 585.5), (227, 251.0), 
61, (164, 505.5), (700, 203.5), (278, 352.0), (445, 427.5), (909, 97.0), (662, 554.5), (149, 178.0), (814, 505.0), (839, 529.0), 
62, (787, 90.5), (170, 584.5), (1058, 48.5), (664, 466.0), (295, 405.5), (729, 258.0), (197, 310.0), (892, 520.5), (762, 538.5), (104, 93.0), 
63, (269, 619.5), (98, 322.5), (909, 485.0), (182, 426.5), (759, 586.5), (725, 296.0), (952, 41.0), (543, 474.5), (1068, 122.0), (22, 101.5), 
64, (1174, 55.0), (365, 584.0), (930, 449.0), (750, 634.5), (140, 513.0), (722, 334.0), (57, 381.5), (1013, 218.0), (19, 189.0), 
65, (432, 517.5), (1202, 134.5), (951, 413.0), (682, 637.5), (88, 270.0), (716, 377.5), (69, 445.5), (912, 302.5), (163, 603.5), (276, 457.0), 
66, (496, 451.5), (1051, 222.0), (978, 377.5), (633, 611.0), (713, 418.0), (216, 679.5), (751, 283.0), (115, 501.5), (256, 364.0), (118, 362.0), 
67, (798, 219.5), (582, 419.0), (753, 453.0), (633, 202.5), (991, 340.0), (188, 553.5), (637, 563.5), (115, 457.0), (166, 294.0), 
68, (544, 177.5), (707, 490.0), (963, 303.0), (648, 488.5), (267, 571.5), (22, 302.5), (83, 551.0), 
69, (770, 550.0), (292, 156.5), (327, 513.5), (546, 681.0), (935, 268.0), (646, 455.0), (69, 641.0), 
70, (135, 241.5), (844, 602.0), (377, 454.5), (655, 406.0), (906, 230.5), (605, 603.5), (302, 287.5), (159, 584.0), 
71, (959, 584.5), (101, 374.0), (284, 393.5), (661, 355.0), (878, 195.5), (398, 416.5), (712, 592.5), (34, 582.5), 
72, (1036, 577.5), (227, 329.0), (289, 500.0), (852, 159.0), (502, 401.0), (692, 305.0), (816, 658.5), (94, 479.0), (72, 679.5), 
73, (313, 183.5), (986, 554.5), (727, 256.5), (541, 464.5), (887, 141.0), (401, 568.0), (1119, 631.0), (945, 692.0), (51, 571.5), (129, 632.5), 
74, (384, 74.5), (1182, 619.5), (1010, 513.0), (759, 206.5), (957, 133.0), (547, 511.0), (1037, 628.0), (159, 536.0), (107, 662.0), 
75, (1177, 542.0), (792, 158.5), (1026, 129.5), (1027, 471.5), (287, 26.5), (670, 413.0), (607, 588.0), (171, 439.5), (277, 647.5), 
76, (129, 79.0), (1200, 462.0), (830, 356.0), (173, 342.0), (722, 586.0), (1065, 162.0), (1048, 431.0), (695, 164.5), (446, 622.0), 
77, (1204, 379.0), (147, 193.5), (1108, 196.5), (599, 625.5), (601, 174.0), (1067, 390.0), (832, 567.0), (954, 433.0), (112, 408.5), 
78, (435, 184.5), (861, 625.0), (958, 536.0), (1170, 284.5), (1081, 346.0), (703, 553.5), (1140, 220.0), (51, 500.0), 
79, (620, 234.0), (28, 474.0), (1147, 247.5), (449, 208.0), (822, 607.0), (624, 466.5), (851, 625.5), 
80, (755, 347.0), (30, 375.5), (1073, 194.5), (776, 518.0), (688, 674.0), (1221, 298.5), (438, 260.5), 
81, (1211, 338.0), (421, 313.5), (57, 280.5), (760, 453.5), (1015, 186.0), (504, 657.5), (1020, 87.0), 
82, (966, 411.0), (902, 79.5), (751, 385.0), (1204, 379.5), (406, 367.0), (1114, 175.0), (965, 236.0), (328, 615.0), (78, 247.5), (661, 567.0), 
83, (896, 548.5), (770, 95.0), (394, 417.0), (1124, 130.5), (1192, 418.5), (523, 606.5), (982, 141.5), (743, 319.0), (284, 512.0), (85, 344.0), 
84, (635, 106.0), (639, 584.5), (315, 434.5), (927, 52.0), (1072, 104.5), (734, 254.5), (1179, 459.5), (112, 438.5), (387, 551.0), 
85, (382, 579.0), (494, 105.5), (238, 455.5), (1171, 497.0), (310, 302.0), (1006, 82.0), (848, 125.5), (717, 187.5), (148, 504.0), 
86, (176, 494.0), (359, 94.0), (286, 370.5), (375, 400.0), (941, 76.0), (1159, 535.0), (738, 125.5), 
87, (364, 446.5), (314, 136.0), (530, 451.5), (1140, 560.5), (763, 88.5), (166, 536.0), (881, 54.0), (279, 277.0), (265, 331.5), (266, 325.0), 
88, (569, 519.5), (340, 210.0), (152, 583.0), (1082, 538.5), (631, 111.0), (703, 432.0), (873, 80.0), 
89, (785, 588.0), (446, 244.0), (1029, 517.0), (850, 371.5), (165, 618.5), (868, 121.5), (587, 203.0), (525, 142.0), (177, 168.0), (581, 188.5), 
90, (516, 209.0), (252, 611.0), (1027, 567.0), (862, 162.0), (995, 315.0), (32, 140.5), (971, 488.5), 
91, (1204, 510.5), (638, 141.5), (339, 607.5), (701, 284.5), (503, 375.0), (857, 202.0), (920, 472.0), (381, 231.5), (1151, 283.5), (65, 62.5), 
92, (1197, 375.0), (865, 451.5), (421, 617.5), (219, 43.5), (413, 422.5), (328, 286.5), (748, 159.5), (856, 240.0), 
93, (1180, 241.0), (809, 231.0), (282, 120.5), (964, 204.5), (503, 625.5), (818, 429.5), (342, 346.5), (416, 285.5), (1253, 446.5), 
94, (1069, 129.5), (506, 591.0), (520, 272.5), (1202, 534.0), (265, 266.0), (876, 274.5), (800, 394.5), (288, 208.5), (280, 245.5), 
95, (507, 544.5), (942, 232.0), (789, 352.0), (1164, 464.5), (621, 261.5), (249, 188.5), (1151, 106.0), (286, 271.0), (1002, 244.5), 
96, (1061, 236.0), (750, 312.5), (511, 499.0), (194, 208.5), (1127, 375.0), (1021, 70.5), (340, 194.5), 
97, (1051, 305.0), (604, 414.5), (376, 114.5), (200, 222.0), (888, 87.5), (759, 290.5), (818, 229.5), (776, 271.5), 
98, (1039, 373.5), (796, 149.0), (741, 259.5), (1020, 203.5), (268, 151.5), (914, 221.5), (392, 32.0), (470, 486.0), (642, 411.0), (528, 483.0), 
99, (1018, 435.0), (270, 552.0), (904, 144.5), (513, 374.5), (726, 229.0), (1013, 214.5), (616, 441.5), (343, 84.0), (927, 144.5), 
100, (124, 551.5), (995, 501.0), (999, 141.0), (602, 474.5), (422, 36.5), (470, 340.5), (851, 152.0), (711, 196.0), (1108, 213.0), 
101, (971, 564.0), (128, 433.0), (593, 508.5), (1194, 227.5), (425, 308.0), (696, 166.0), (837, 237.0), (1125, 154.0), 
102, (946, 619.0), (523, 78.0), (140, 320.0), (583, 542.0), (683, 134.5), (378, 277.0), (828, 318.5), (1203, 258.0), 
103, (91, 214.0), (909, 646.0), (570, 572.5), (327, 252.0), (1186, 317.5), (836, 400.0), (657, 91.0), 
104, (67, 187.0), (819, 648.0), (564, 603.5), (269, 229.5), (1183, 372.5), (634, 133.0), (731, 95.5), (856, 477.5), 
105, (758, 624.0), (161, 151.0), (551, 628.5), (878, 552.5), (1144, 418.5), (797, 28.0), (603, 157.0), (759, 163.0), (1250, 427.5), 
106, (340, 116.0), (506, 615.5), (184, 258.0), (1114, 464.0), (716, 588.5), (570, 177.0), (780, 229.0), (1232, 493.5), (870, 19.5), (841, 573.5), (871, 22.5), 
107, (908, 73.0), (690, 540.5), (513, 149.0), (794, 292.5), (458, 601.5), (189, 291.0), (1080, 503.5), (1215, 559.0), 
108, (789, 356.5), (656, 183.5), (665, 488.5), (1211, 622.5), (416, 587.5), (197, 325.0), (1029, 534.5), (507, 220.0), (931, 134.0), 
109, (787, 130.5), (376, 574.5), (661, 433.5), (214, 358.0), (481, 238.0), (956, 547.0), (943, 195.0), (1136, 663.0), 
110, (902, 85.5), (630, 390.0), (261, 348.5), (335, 561.0), (456, 260.0), (960, 251.0), (888, 542.5), (702, 309.0), (1058, 632.5), 
111, (1009, 72.0), (1053, 264.5), (434, 279.0), (608, 338.5), (295, 548.5), (302, 325.5), (828, 521.5), (613, 492.5), (1040, 573.5), 
112, (584, 282.0), (983, 122.0), (367, 299.5), (1053, 520.5), (259, 534.0), (777, 495.0), (1147, 262.5), (519, 494.5), 
113, (558, 258.5), (956, 206.0), (732, 466.0), (1086, 471.5), (450, 457.5), (234, 517.0), (365, 295.5), (1188, 311.5), 
114, (942, 282.0), (695, 438.0), (506, 216.0), (208, 498.0), (1228, 356.0), (1111, 422.0), (376, 366.5), (339, 259.5), 
115, (1050, 310.0), (429, 189.0), (184, 483.0), (354, 352.5), (661, 409.5), (1231, 405.5), 
116, (403, 199.5), (1080, 378.0), (322, 365.5), (160, 465.0), (634, 382.0), (332, 90.0), 
117, (1034, 443.5), (360, 223.0), (608, 354.0), (271, 81.0), (220, 325.5), (318, 388.5), (138, 450.5), 
118, (989, 504.5), (584, 326.5), (182, 361.0), (116, 433.5), (338, 245.0), (251, 125.0), (301, 400.5), (1132, 518.0), (443, 196.0), 
119, (469, 207.5), (934, 563.0), (115, 420.0), (555, 305.0), (1102, 553.5), (298, 329.5), (298, 279.0), (245, 166.5), (1172, 576.0), (298, 420.5), 
120, (861, 606.0), (279, 333.0), (501, 245.0), (1046, 576.0), (108, 412.0), (1136, 607.5), 
121, (817, 578.0), (269, 366.0), (988, 570.5), (504, 242.5), (1073, 619.0), (119, 424.0), 
122, (829, 519.5), (221, 392.5), (492, 261.5), (981, 537.0), (165, 510.0), (1011, 631.5), 
123, (987, 504.5), (849, 470.5), (477, 262.5), (955, 631.0), (235, 414.0), (436, 225.5), (189, 538.0), (503, 274.5), 
124, (869, 422.5), (1002, 473.0), (505, 297.5), (251, 457.0), (410, 212.0), (903, 619.0), 
125, (897, 381.0), (857, 604.5), (261, 454.0), (504, 313.5), (392, 195.0), (1029, 445.5), 
126, (921, 340.0), (502, 328.0), (372, 179.0), (267, 439.0), (830, 583.0), (1059, 425.0), (213, 342.0), 
127, (947, 304.0), (231, 345.0), (498, 341.0), (292, 490.5), (359, 163.0), (790, 571.0), (1095, 422.5), 
128, (974, 269.0), (324, 502.0), (489, 354.0), (246, 341.0), (399, 432.0), (345, 148.5), (1135, 428.5), (748, 578.5), 
129, (308, 511.0), (261, 336.0), (995, 235.0), (463, 379.5), (332, 134.0), (459, 538.0), (720, 591.5), (1155, 447.5), 
130, (274, 330.0), (340, 509.0), (472, 376.5), (1024, 208.5), (493, 533.0), (324, 122.0), (1166, 471.0), (705, 612.5), 
131, (366, 513.0), (490, 371.5), (1053, 180.0), (284, 326.0), (327, 122.5), (523, 542.0), (1174, 488.0), (689, 630.5), 
132, (506, 371.0), (388, 512.5), (1085, 163.5), (1179, 506.0), (549, 551.5), (295, 321.0), (333, 128.0), (675, 645.5), 
133, (400, 515.5), (1180, 521.5), (562, 564.5), (306, 317.5), (1121, 149.0), (526, 377.5), (653, 651.5), (328, 118.0), 
134, (1163, 147.5), (568, 579.5), (413, 516.5), (314, 312.0), (540, 386.0), (334, 109.0), (1181, 536.5), (628, 658.0), 
135, (1184, 149.5), (573, 593.0), (554, 391.5), (322, 309.0), (344, 99.5), (422, 517.0), (1184, 550.0), (609, 664.5), 
136, (1200, 151.5), (330, 306.0), (361, 587.5), (1188, 558.5), (580, 626.0), (477, 488.0), (348, 94.0), (564, 400.5), (496, 455.0), 
137, (1204, 163.0), (515, 453.5), (339, 302.5), (362, 592.0), (355, 88.0), (583, 631.0), (1199, 569.0), (573, 407.0), 
138, (1197, 176.0), (526, 453.0), (364, 596.5), (342, 301.0), (588, 621.5), (360, 81.0), (1216, 568.5), (503, 489.5), (584, 636.5), 
139, (604, 625.5), (1192, 184.5), (536, 457.0), (365, 599.5), (347, 297.5), (364, 77.5), (1229, 568.5), (542, 680.0), 
140, (616, 627.5), (1189, 195.5), (544, 455.0), (365, 603.0), (351, 296.0), (1242, 568.0), (366, 70.5), (528, 680.5), 
141, (1183, 203.5), (367, 605.5), (552, 452.5), (355, 295.0), (625, 628.5), (1249, 570.5), (373, 65.0), (520, 681.5), 
142, (1181, 211.0), (368, 607.0), (556, 450.0), (357, 294.0), (634, 632.0), (375, 62.5), (1249, 575.0), (512, 677.5), (646, 483.0), 
143, (369, 608.5), (1179, 215.5), (560, 450.0), (504, 675.0), (361, 292.5), (637, 637.0), (377, 60.5), (1249, 582.0), 
144, (1177, 221.5), (370, 610.0), (565, 450.0), (364, 291.0), (378, 59.0), (644, 640.0), (497, 671.0), (1248, 584.0), 
145, (1176, 224.5), (370, 610.0), (646, 641.0), (566, 450.0), (365, 290.5), (379, 57.0), (495, 669.5), (1249, 586.0), (613, 383.5), 
146, (646, 642.0), (1176, 227.5), (568, 450.0), (370, 611.0), (369, 290.5), (380, 55.0), (494, 668.5), (1248, 587.5), 
147, (646, 643.0), (1176, 230.0), (569, 451.0), (371, 612.0), (370, 289.5), (381, 54.0), (492, 667.5), (1248, 589.0), (617, 384.5), 
148, (646, 643.0), (1175, 231.5), (569, 451.0), (371, 612.5), (371, 289.5), (381, 53.5), (491, 667.0), (1248, 590.5), (618, 384.5), 
149, (647, 644.0), (1175, 232.0), (569, 451.5), (371, 612.5), (371, 289.5), (381, 53.5), (490, 666.0), (1248, 591.0), (661, 498.0), 
150, (1174, 233.5), (647, 644.0), (569, 451.5), (371, 612.5), (490, 666.0), (372, 289.5), (381, 53.0), (1248, 591.5), (619, 384.5), (661, 498.0), 
151, (1174, 233.5), (647, 644.5), (570, 451.5), (489, 666.5), (371, 613.0), (372, 289.5), (381, 53.0), (1248, 591.5), (619, 384.5), 
152, (1174, 233.5), (647, 644.5), (570, 451.5), (489, 666.5), (371, 613.5), (372, 289.5), (381, 53.0), (1248, 591.5), (619, 384.5), 
153, (1174, 233.5), (647, 644.5), (570, 451.5), (489, 666.5), (371, 613.5), (372, 289.5), (382, 53.0), (1248, 591.5), (619, 384.5), 
